$ANSIBLE_VAULT;1.1;AES256
39633731336139356637336339626330663530326361643136616137383761343439306561633663
3066666335623237383666323434386435623862613837310a343938623532336330306561643863
37393338643732336430343834353765343763666233666631366138356264343061656162363935
3237386134663831330a383365663961386539393661343133656330396635663833333235333061
38626332616635333633373433386165323036613139653164313433303134636564616535333336
34336564653130333833626165613131653666313365323063653634343764316635663634383865
63646636373064626138653462373566376163616137373830663162393562373861636234666438
35336563303163653130343662623163363362383764366261396633353265656662383062343464
66663664396562666131653362653933383062373130643735393736396332316337363133323339
36633366346337653335663962666163366434386663383263653233313135306433386333323165
61303662653834346661653065383165613533663033363264383036386161356464366438653537
31333662336162643936646535373830666138376531663139613534383337393465623233396334
61353132623333623439353961653131323238346434336266656362323366393631373266376637
34336261386663663836623535643332613262643833663835616237383563323737656334316131
30366266373030623038646565336563343137633137643463653834353062373636643566633336
36366135663938663236393033356135333863613763313833616236636535386533616331393364
34616539653062363036653538633430363562383435346662366336643734316163343033353330
61323432393339303439343335356636353232663636633730396636633763353539623062363034
64313365363531356435613863616331393262343935353061633731623263626532666437323939
32653330663937623565386162343466356337323437393066343761613461616362376637666137
32666434303837323136383038333731653935306530363933306664326463323332623330623937
30633337653062363763303932633336636638316562623737613738663035313365663439393231
63333966336530623663393831633032353034323230623764646231363437653031616461616430
66326434333463316563346139646164626661356538393230333264646431643731623835313265
31653938333863326434373539323633633931373235616563633337666430643932633061323236
64363630316364363361386162626461323761326362366562303930613830656563653461393734
37643632323766643937636636663963333138623334303162386536363763386634333465653739
64363434383132363236376363613366313834313762636163353063653463626536363861343734
39336435613034303036623131326631666239613138616266383034643166643833663131636365
61393931323764316565303062656336376130303435393864393761303661326432653230633965
31623738336636373530393262656265663733656339336465346261353662343161323132663230
64396362333939373938366565633230626362303736623536396635396632363735313930636162
39383632343765663161316632316463333237373465663435393236646233313639636563396164
35616166663536343466616532306331306431376335326437303731353366376435383032623961
32333835386534626531653630373136316535396537383961336462646463333732663661643930
36363335633965636337613164383133353135666463363535353838613234643336353136636266
30653233353639376461623663643739383133643138363531663531303932653163643864616162
63643666323461623234326363383039623835666166653032383665613535396431323866383132
37313766333966636134643937633663646235643464636532343566623431616463653439336235
36656635346238356265306632343830303764353464356464376662393330333236393735303232
63383836373332663336383134333531353866616139626634333033333162616534333830366331
66333134383365366538346635333861306539656161613439646137303432396263383163383734
66633135653963663463613361353566383733643632303434653035653538383834383161656330
39393036323330656236373366313633643862666263343138336635393736666164623636393534
65613462303331363435373235316264636337633938623039333036303865366564323563353566
35313765663162323736646536393632393533396364336134333532646564626531343536363132
66336465636139316464303132663834663237643437636432623062653664333664383261313264
63633264366438643039326530366662323561386633363439353236656666366632393630326365
37666165363963633032383761393932356233616635646538323130616162393336313131376637
37366561353438316231636437623833313062666638333637326130646364376432386539623963
36373533623964386262363233343161666633623339313934326136656563376263353630393363
31633437363337303536653361633038653739313331363162346431346538623135373732313030
31323135316636323838336438666336376365323965306637313263376233636564663063383339
65643432653630343939623735386131633166376238633363396336326632666132383865616632
63383732633437353638363232633766663936333035343839323962613564656336383465323063
35663365313038316631366537613238666634323032316363333331316534643162376536626231
61623133346363383732613864626534656237653439336566366130363661306632376639323333
33663238336634323134653635303438633439633534323863613431356339613933383732343764
36313539373034646631633437633838613736333663646536663930363161653333636333366239
36643231353732323166613931363539366565376430363366643537626138313639383134643730
36306163323232343337326463633566336664663662336636393538616131663661346131663639
30383166636163366463616135623234623636333036333161633932323239323764633337333530
39303836343939623962326164356666623030303237333836383933313665346633343361303634
32326438616131383033313238396464313634616139343663303364336239346635363733633937
64393133623135373239306330656539336338303763323164656535376566313337613863623365
36303232313864323062646630663464656362303366393634626532653332343162656332343130
38663930646335303439323736383362303938633262666234616564656133396338643066636530
65323439633837313561313731633836353066343765393163633837353232366530643361393732
65316364303233383430373136326633303762613665373737663331666464633164393633326431
63646535316166616665663564383734313239346461313139666364643764666431626466313034
33396664623766313839323064353065393435373235616332656562356666353339663561323366
64303238306466303036303331643832326337653437626166393663623763636465333631353436
64333764346537353532386230396133396337346565646362383631326562653436643866653464
61646261393730306361353635613235666330376633656236313432343063623663643765353231
32393936653630313633323739313138383133383132313164616137653361353530336331383766
66383261666134313466303163656436373662363862353735653531393633623339633637646361
61303637616163336639633461346239353230363232623931396337616536363538316137336164
39383836373231376661343930646164623639336630623265383861663266333333393436623561
30346430326637626131373765616237396338633730333062326661393539323538656139393266
31303164653530353631646463373064373031366632303636353333313138326431353666336464
33313639346234643534633064653038393235323330633039633531663335383631653065313937
38343861376438383461626462623434623737353037323635356631636364373566363238386166
39633237636630363930396438303632613038333164666365336531643564666634366239306566
39326432393362613763643136663439646564656662666439623061353635646630393238393837
35306632366633623634303863653438393337643633353535353037336539633263613634393461
65366338613566656566373463333462616666653933646139316161616662613337363062343634
63346435396366623635633439626336626561343861333435396136653263383031306464616166
36386535633334643232626136323130666533623863363262633134373766646162386437353865
35313335623632636635643937663464333361613335363433313930396131623965366661323437
63643132393336333366626339656334653666396165636232396334333363356538393736386135
62353964366666303562356663653763626666646137313433663761663332326430343139633130
31333562343830313363646666323438316466653265623334626231653965326432336562343139
31323964316137393936353762303435393761353865646564666665396237363538316330306539
30373765353530353730323933626139663232333835303536653836346230663636653637333536
32653837373061633136336131326561376530393461316564343231653863626530346639363166
64666632613637623633326333376133313835376465313036363765313031626365303666313064
30396635656631323261306631346632623566636338373432333539646563303638643336303435
62613332626435343732613639303837646263393230636435393662653034653564616162353033
35326338393265643062333663306235303233623136316234313532373737643764396666373736
35333139313136633039656639646438386330353161323466363837616334636464393165633661
64383335636236613532383134653562626237646437656139303232643335363633653032643339
63636164393834303862343864626161343764353738393061663334323237383535656239303261
65353430623730656332373037323937343164333233653430393764366163346332346263643563
32316564373339326335323838373937616563666666353664383438356164396438363664373166
61363663656231643662323430376130343863313439623665373366636564656131313731646634
31616638313463306163346136326532373331303931336536663035353531633163373664636337
64643735376466663838643538346565386531336632636538343036376433346630366562613334
36316364323734316166303530393163336564393336366161343435666132646565333336306239
61303034383638663862396136663765393063363133353936306430343135313732636566353531
36396239636238656131336330353637376562336664323739653938643562633133653863386333
32646664333133656633663038666233623162396561653161336639666534663833646363323464
36633366376639626363646135633739396333653562396338343265323235333836386166653335
37666438613834323833663465336331303462353965353638306530626663666334313461613731
64393964613437326532333833383862336262313061316439656434633865333265353064633366
35646462656465663732396339303134616263616163373833663535313963653864316365356262
66653162353434343534306435663836643935386235323132396465363334373132376530333963
30336538336639326231346533663061373166626535353364316331623631313038393038356563
37393433666233343264303436336530396336626434363432626666663365363763623262363635
34356661306361393934396430633431343361663034353066376532336562613263333633343530
37393661363465376664643239636537353162653133323861333732306231316464653561343339
32353566316234623966633432393534343736363064306233393564643663316234363162323766
65666431366438343739393133623939383766656530326634626135326265623062353964636435
63343634373833383231646634326139383265346637633037383537323365643138623532386635
34326261613839393235653837323735333430666465613661663038386462616365643964393235
33646137613435363432623265613761373364336332656564393766376265363961323864646663
62356137393739316666373639636139646531336363303333623139623332333461646665376231
65373636343664633930626239343635383665383239613339363836626438663037366261333738
65623534653232613134653331613564666164316338633938656665633531646138373063366435
30613535346562386438396232653335363038383037326361643064646639663864383062626434
34313062336437626332646663363133336662336661653834333164646163313033656435323234
61653862376630333566333165666434363030343034383166333234336636383330343161353561
32393035373930643232666236653939393966333461396134366163623630323635306264316137
31643934643839346431303734383263616633383639366630313439303038373662386565373133
37353561613733316534613532363763326532653265326437643132303630346637616634623235
34393366373662353235666439373762663065356235616136663934383530393738343031383865
63643965623132383563303336653761623535346364383336616666616463383833343331306537
61656563333362336537666639346437663839616439333539393737363637633266376534613133
36383866653334663064646631636330623837636139343036313835383830663838393063663063
62366330343962326434613066653765636363656562323035663438346339313636663135393137
39623133626432656362653833623230383737383936663031616464343235653862663735313062
36386138343965396563373032386163613938666539663536353333663366316437393861396635
62356164336538306466383134353936316366333134383835323432346564353738333862363736
66313131376566613336363766656566326637633761663231396438393330626435383739666665
38383632323037396166636265353730356237353063323134616233386366393634333633393232
32613737313036613261366432376137306637346339643438653064643533623761306331653335
64346265646362323834383931386363623236643563363930663363633731303134636265336264
37666136663265356631393631326637376538313333623836326235616430623664316338306132
66306230373661393435636338623132376463616531326166313232393737333164656364363233
38376135663237393232643666336632646436633630623036656535326435383333383738313931
66393063663034353639306263643832623163633666363761663963393631623139323738306435
65313333613834313462643937626562396634643765633066346331663933376262343630356534
36373436636236656536316137663938656361393063643035613465313936356366663634613130
62393232653931343763373032626336616636643139306633623836613061363635623863353930
63393137386533386536336137613735363037323064653739353033633464333963653866643861
35383833363566663935343362363135393337393833306537383937653238346130666364306562
38666461373162613532396530386662663630373361356134356333626634643934366131306331
65623466396537303435343666623937313433633238633565653662633831316438633536653237
30613662363136616365343731373132386463383039343338343164383538646532626536383132
36393661306166643662616663643630643862366633623864396264313765306130343839623361
61336533616531633662313061663262363136643138636633616335633164346439646161663364
63373134626161326264333830396632323231613631336137633161376437316335396363303563
62393366656338636665356532363563333464623739326638396230653164363934363430393062
62623133333963366466613837643732333564303466303462383137633234376630323436663032
62383230653432623034616530623934623730366332386336653435653834633437346666386436
61386130393162646339653464316165623265336136363138643936323833626165356463626430
65653361633862366435323061353166633431303737613135303639656332393737343234396533
35643735613832363861666334643139346432333131636262343633646535366264363734323964
37353233646563346532613534333039396633376438353839393864373765366339623166306438
30363438323066383465323336333561393136353765623166613965333339656430623031383665
36663235396131396163393839323835393835653038303861393332303564313766656434363037
33653661643338363062353730366133353930373666613432336232643930356335386336326435
33386261643337656364323663333930343036316461373462613665323661366237643462613462
34356530336264376163353030306663383766383839306166663136653066333934376432663965
63646434303834623366613133623166633364393238646630383635383033656532386439623163
31656433343735366562373738633739376238623435363861646130356432636463643934306537
66346331373739616264386437373133396464396162313464323130383835393366613464303935
30653031646239316362316534326630626235656539363039623435326263313333633665313530
38343735623036303133646266316362333134343433363465363835323765353132306139386561
62336531313262666465386135363836313265623733663462636135333131326336633363613463
36356632353865613933393862336432343864623236383335666439616338396561313438343238
30633536646639363432343431373239643736666530653638333364323134316139313164663339
37393163643533343064333231393935653333393764343436383038383632626662613261646231
32383461666364633137333165653333353762653835333636366537316637393337636463373435
62633166366530633566633734663535656234376665623338333031313633363137373032643739
32656437396261383037336266623036636530326532643134316530343433393336373134663635
61313765333837373134383861663661616562393966636430323061653331616536666433316338
38363534346137663731623931623639646635646339323465653133326538376530623731663061
61376330663932353238613633666264633161363165623939373139373430336636356333333339
62373762393036366538616130613739313436616330356634386365656436623231306430353462
39383166356434323461623438313534653866386465333435353931633665363366343932663338
65363135643730376231343239623262613863313162666564313332613435343265376533623331
33643136643533313035386366366461366664643932643638303965613238386537613634636439
39363435666339666538363937363163646538346237313061666632363031356464323533336239
37616466326131663965346637303764356234656433386639343966616332393837643432323831
66383862326636396264626237366634336637336466613962643831353066383566313262343830
31623039306163646335623930386338313666343063636438313064323837623064613661336531
64333636636236323762313864343564653035643039613336626633316461383135326134626431
39643465663931316361626234353734326462356535383133393932613233343262313466376436
31346532346334643162353030313137613435393064303931313333653665306663353665616437
66313031356165656439643063316362386232383634613335626339613663623839623862326336
36616636383638323133613465653464363231663432353961633366346532623930656434383133
38326136623239356134643132336465636239356566663934623962613733303138643636383538
66363163653130396439336164346262386638633631386134626437616662646438356561373032
37303632346435326635656166383062613662616631653630393938376234616538386636383939
31626363343861396365613566646639303438613737326261643861656264643466396532626135
33623435336432366234313231363032396633666634363138376131333734306632363735393765
31656233663334636331396361366233303730373763376238633162613730623430356530396237
35363963613830313263383534343737633762396239313366383165653163333364643536373230
65393439326136373363313562643834393436316539613239613530316261353566303330306663
64653366663261303939366664613839646133616266346132303030633137663533613031336130
33646461343330626163663461626533396330373731656536666134643537343637303132333137
33396135623734353838393461396330396435316366653931353335313230393238653632396632
35633437363066653935373864366162303936393361623234646436306531646166386236323833
61326566363732613336626461313437643337613961343162313838363438383865613533666637
33333333353065663766626632343762383561383463313063393138363562356233393161656130
66653936343236663233333566316463316465626337303935663837663233636535316636613162
64643731636337633234303237633738333636636564313533613164396662386533633032636162
33363339356564373933366232363765646262666164366162613838376563663963333937613565
63336138303535313438383461663162306435616661333338373039316638303763353930643430
66363631393138396633
